0.6449340604746003
0.20205690315727576
0.0823232337111034
0.03692775514336792
0.01734306198444887
0.00834927738192279
0.00407735619794433
0.002008392826082211
9.945751278180853E-4
4.941886041194645E-4
2.460865533080481E-4
1.2271334757848915E-4
6.12481350587048E-5
3.058823630702049E-5
1.5282259408651864E-5
7.63719763789976E-6
3.81729326499984E-6
1.9082127165539385E-6
9.53962033872796E-7
4.769329867878064E-7
2.3845050272773295E-7
1.1921992596531106E-7
5.960818905125948E-8
2.980350351465228E-8
1.490155482836504E-8
7.45071178983543E-9
3.725334024788457E-9
1.8626597235130496E-9
9.313274324196682E-10
4.656629065033784E-10
2.3283118336765053E-10
1.164155017270052E-10
5.8207720879027E-11
2.9103850444970994E-11
1.4551921891041982E-11
7.275959835057482E-12
3.637979547378651E-12
1.8189896503070657E-12
9.09494784026389E-13
4.547473783042154E-13
2.2737368458246524E-13
1.136868407680228E-13
5.684341987627585E-14
2.842170976889302E-14
1.4210854828031608E-14
7.105427395210853E-15
3.552713691337114E-15
1.7763568435791204E-15
8.881784210930816E-16
4.440892103143813E-16
2.220446050798042E-16
1.1102230251410661E-16
5.551115124845481E-17
2.775557562136124E-17
1.3877787809725232E-17
6.938893904544153E-18
3.4694469521659225E-18
1.7347234760475765E-18
8.673617380119933E-19
4.336808690020651E-19
2.16840434499722E-19
1.0842021724942414E-19
5.421010862456646E-20
2.710505431223469E-20
1.3552527156101164E-20
6.77626357804519E-21
3.388131789020797E-21
1.694065894509799E-21
8.470329472546998E-22
4.235164736272833E-22
2.1175823681361947E-22
1.0587911840680233E-22
5.293955920339871E-23
2.646977960169853E-23
1.323488980084899E-23
6.617444900424404E-24
3.308722450212172E-24
1.6543612251060756E-24
8.271806125530345E-25
4.135903062765161E-25
2.0679515313825765E-25
1.0339757656912871E-25
5.169878828456431E-26
2.5849394142282144E-26
1.2924697071141066E-26
6.462348535570532E-27
3.231174267785265E-27
1.6155871338926325E-27
8.077935669463163E-28
4.0389678347315804E-28
2.0194839173657902E-28
1.0097419586828951E-28
5.0487097934144756E-29
2.5243548967072378E-29
1.2621774483536189E-29
6.3108872417680944E-30
3.1554436208840472E-30
1.5777218104420236E-30
7.888609052210118E-31
3.944304526105059E-31
1.9721522630525295E-31
9.860761315262648E-32
4.930380657631324E-32
2.465190328815662E-32
1.232595164407831E-32
6.162975822039155E-33
3.0814879110195774E-33
1.5407439555097887E-33
7.703719777548943E-34
3.8518598887744717E-34
1.9259299443872359E-34
9.629649721936179E-35
4.8148248609680896E-35
2.4074124304840448E-35
1.2037062152420224E-35
6.018531076210112E-36
3.009265538105056E-36
1.504632769052528E-36
7.52316384526264E-37
3.76158192263132E-37
1.88079096131566E-37
9.4039548065783E-38
4.70197740328915E-38
2.350988701644575E-38
1.1754943508222875E-38
5.8774717541114375E-39
2.9387358770557188E-39
1.4693679385278594E-39
7.346839692639297E-40
3.6734198463196485E-40
1.8367099231598242E-40
9.183549615799121E-41
4.5917748078995606E-41
2.2958874039497803E-41
1.1479437019748901E-41
5.739718509874451E-42
2.8698592549372254E-42
1.4349296274686127E-42
7.1746481373430634E-43
3.5873240686715317E-43
1.7936620343357659E-43
8.968310171678829E-44
4.4841550858394146E-44
2.2420775429197073E-44
1.1210387714598537E-44
5.605193857299268E-45
2.802596928649634E-45
1.401298464324817E-45
7.006492321624085E-46
3.5032461608120427E-46
1.7516230804060213E-46
8.758115402030107E-47
4.3790577010150533E-47
2.1895288505075267E-47
1.0947644252537633E-47
5.4738221262688167E-48
2.7369110631344083E-48
1.3684555315672042E-48
6.842277657836021E-49
3.4211388289180104E-49
1.7105694144590052E-49
8.552847072295026E-50
4.276423536147513E-50
2.1382117680737565E-50
1.0691058840368783E-50
5.345529420184391E-51
2.6727647100921956E-51
1.3363823550460978E-51
6.681911775230489E-52
3.3409558876152446E-52
1.6704779438076223E-52
8.352389719038111E-53
4.1761948595190557E-53
2.0880974297595278E-53
1.0440487148797639E-53
5.2202435743988196E-54
2.6101217871994098E-54
1.3050608935997049E-54
6.5253044679985245E-55
3.2626522339992623E-55
1.6313261169996311E-55
8.156630584998156E-56
4.078315292499078E-56
2.039157646249539E-56
1.0195788231247695E-56
5.0978941156238473E-57
2.5489470578119236E-57
1.2744735289059618E-57
6.372367644529809E-58
3.1861838222649046E-58
1.5930919111324523E-58
7.965459555662261E-59
3.9827297778311307E-59
1.9913648889155653E-59
9.956824444577827E-60
4.9784122222889134E-60
2.4892061111444567E-60
1.2446030555722283E-60
6.223015277861142E-61
3.111507638930571E-61
1.5557538194652854E-61
7.778769097326427E-62
3.8893845486632136E-62
1.9446922743316068E-62
9.723461371658034E-63
4.861730685829017E-63
2.4308653429145085E-63
1.2154326714572542E-63
6.077163357286271E-64
3.0385816786431356E-64
1.5192908393215678E-64
7.596454196607839E-65
3.7982270983039195E-65
1.8991135491519597E-65
9.495567745759799E-66
4.7477838728798994E-66
2.3738919364399497E-66
1.1869459682199748E-66
5.934729841099874E-67
2.967364920549937E-67
1.4836824602749686E-67
7.418412301374843E-68
3.7092061506874214E-68
1.8546030753437107E-68
9.273015376718553E-69
4.6365076883592767E-69
2.3182538441796384E-69
1.1591269220898192E-69
5.795634610449096E-70
2.897817305224548E-70
1.448908652612274E-70
7.24454326306137E-71
3.622271631530685E-71
1.8111358157653425E-71
9.055679078826712E-72
4.527839539413356E-72
2.263919769706678E-72
1.131959884853339E-72
5.659799424266695E-73
2.8298997121333476E-73
1.4149498560666738E-73
7.074749280333369E-74
3.5373746401666845E-74
1.7686873200833423E-74
8.843436600416711E-75
4.4217183002083556E-75
2.2108591501041778E-75
1.1054295750520889E-75
5.5271478752604446E-76
2.7635739376302223E-76
1.3817869688151111E-76
6.908934844075556E-77
3.454467422037778E-77
1.727233711018889E-77
8.636168555094445E-78
4.3180842775472223E-78
2.1590421387736112E-78
1.0795210693868056E-78
5.397605346934028E-79
2.698802673467014E-79
1.349401336733507E-79
6.747006683667535E-80
3.3735033418337674E-80
1.6867516709168837E-80
8.433758354584419E-81
4.2168791772922093E-81
2.1084395886461046E-81
1.0542197943230523E-81
5.2710989716152616E-82
2.6355494858076308E-82
1.3177747429038154E-82
6.588873714519077E-83
3.2944368572595385E-83
1.6472184286297693E-83
8.236092143148846E-84
4.118046071574423E-84
2.0590230357872116E-84
1.0295115178936058E-84
5.147557589468029E-85
2.5737787947340145E-85
1.2868893973670072E-85
6.434446986835036E-86
3.217223493417518E-86
1.608611746708759E-86
8.043058733543795E-87
4.0215293667718976E-87
2.0107646833859488E-87
1.0053823416929744E-87
5.026911708464872E-88
2.513455854232436E-88
1.256727927116218E-88
6.28363963558109E-89
3.141819817790545E-89
1.5709099088952725E-89
7.8545495444763625E-90
3.9272747722381812E-90
1.9636373861190906E-90
9.818186930595453E-91
4.9090934652977266E-91
2.4545467326488633E-91
1.2272733663244316E-91
6.136366831622158E-92
3.068183415811079E-92
1.5340917079055395E-92
7.670458539527698E-93
3.835229269763849E-93
1.9176146348819244E-93
9.588073174409622E-94
4.794036587204811E-94
2.3970182936024055E-94
1.1985091468012028E-94
5.992545734006014E-95
2.996272867003007E-95
1.4981364335015035E-95
7.490682167507517E-96
3.7453410837537587E-96
1.8726705418768793E-96
9.363352709384397E-97
4.6816763546921983E-97
2.3408381773460992E-97
1.1704190886730496E-97
5.852095443365248E-98
2.926047721682624E-98
1.463023860841312E-98
7.31511930420656E-99
3.65755965210328E-99
1.82877982605164E-99
9.1438991302582E-100
4.5719495651291E-100
2.28597478256455E-100
1.142987391282275E-100
5.714936956411375E-101
2.8574684782056875E-101
1.4287342391028437E-101
7.143671195514219E-102
3.5718355977571093E-102
1.7859177988785547E-102
8.929588994392773E-103
4.4647944971963866E-103
2.2323972485981933E-103
1.1161986242990967E-103
5.5809931214954833E-104
2.7904965607477417E-104
1.3952482803738708E-104
6.976241401869354E-105
3.488120700934677E-105
1.7440603504673385E-105
8.720301752336693E-106
4.3601508761683463E-106
2.1800754380841732E-106
1.0900377190420866E-106
5.450188595210433E-107
2.7250942976052165E-107
1.3625471488026082E-107
6.812735744013041E-108
3.4063678720065206E-108
1.7031839360032603E-108
8.515919680016301E-109
4.2579598400081507E-109
2.1289799200040754E-109
1.0644899600020377E-109
5.3224498000101884E-110
2.6612249000050942E-110
1.3306124500025471E-110
6.6530622500127355E-111
3.3265311250063677E-111
1.6632655625031839E-111
8.316327812515919E-112
4.1581639062579597E-112
2.0790819531289798E-112
1.0395409765644899E-112
5.1977048828224496E-113
2.5988524414112248E-113
1.2994262207056124E-113
6.497131103528062E-114
3.248565551764031E-114
1.6242827758820155E-114
8.1214138794100775E-115
4.0607069397050388E-115
2.0303534698525194E-115
1.0151767349262597E-115
5.0758836746312984E-116
2.5379418373156492E-116
1.2689709186578246E-116
6.344854593289123E-117
3.1724272966445615E-117
1.5862136483222808E-117
7.931068241611404E-118
3.965534120805702E-118
1.982767060402851E-118
9.913835302014255E-119
4.9569176510071274E-119
2.4784588255035637E-119
1.2392294127517818E-119
6.196147063758909E-120
3.0980735318794546E-120
1.5490367659397273E-120
7.7451838296986365E-121
3.8725919148493183E-121
1.9362959574246591E-121
9.681479787123296E-122
4.840739893561648E-122
2.420369946780824E-122
1.210184973390412E-122
6.05092486695206E-123
3.02546243347603E-123
1.512731216738015E-123
7.563656083690075E-124
3.7818280418450374E-124
1.8909140209225187E-124
9.454570104612593E-125
4.7272850523062967E-125
2.3636425261531484E-125
1.1818212630765742E-125
5.909106315382871E-126
2.9545531576914354E-126
1.4772765788457177E-126
7.386382894228589E-127
3.6931914471142943E-127
1.8465957235571472E-127
9.232978617785736E-128
4.616489308892868E-128
2.308244654446434E-128
1.154122327223217E-128
5.770611636116085E-129
2.8853058180580424E-129
1.4426529090290212E-129
7.213264545145106E-130
3.606632272572553E-130
1.8033161362862765E-130
9.016580681431383E-131
4.5082903407156913E-131
2.2541451703578456E-131
1.1270725851789228E-131
5.635362925894614E-132
2.817681462947307E-132
1.4088407314736535E-132
7.044203657368268E-133
3.522101828684134E-133
1.761050914342067E-133
8.805254571710335E-134
4.4026272858551673E-134
2.2013136429275836E-134
1.1006568214637918E-134
5.503284107318959E-135
2.7516420536594796E-135
1.3758210268297398E-135
6.879105134148699E-136
3.4395525670743494E-136
1.7197762835371747E-136
8.598881417685874E-137
4.299440708842937E-137
2.1497203544214684E-137
1.0748601772107342E-137
5.374300886053671E-138
2.6871504430268355E-138
1.3435752215134178E-138
6.717876107567089E-139
3.3589380537835444E-139
1.6794690268917722E-139
8.397345134458861E-140
4.1986725672294305E-140
2.0993362836147152E-140
1.0496681418073576E-140
5.248340709036788E-141
2.624170354518394E-141
1.312085177259197E-141
6.560425886295985E-142
3.2802129431479926E-142
1.6401064715739963E-142
8.200532357869981E-143
4.1002661789349907E-143
2.0501330894674953E-143
1.0250665447337477E-143
5.1253327236687384E-144
2.5626663618343692E-144
1.2813331809171846E-144
6.406665904585923E-145
3.2033329522929615E-145
1.6016664761464807E-145
8.008332380732404E-146
4.004166190366202E-146
2.002083095183101E-146
1.0010415475915505E-146
5.0052077379577523E-147
2.5026038689788762E-147
1.2513019344894381E-147
6.2565096724471904E-148
3.1282548362235952E-148
1.5641274181117976E-148
7.820637090558988E-149
3.910318545279494E-149
1.955159272639747E-149
9.775796363198735E-150
4.8878981815993675E-150
2.4439490907996837E-150
1.2219745453998419E-150
6.1098727269992094E-151
3.0549363634996047E-151
1.5274681817498023E-151
7.637340908749012E-152
3.818670454374506E-152
1.909335227187253E-152
9.546676135936265E-153
4.7733380679681323E-153
2.3866690339840662E-153
1.1933345169920331E-153
5.9666725849601654E-154
2.9833362924800827E-154
1.4916681462400413E-154
7.458340731200207E-155
3.7291703656001034E-155
1.8645851828000517E-155
9.322925914000258E-156
4.661462957000129E-156
2.3307314785000646E-156
1.1653657392500323E-156
5.8268286962501615E-157
2.9134143481250808E-157
1.4567071740625404E-157
7.283535870312702E-158
3.641767935156351E-158
1.8208839675781755E-158
9.104419837890877E-159
4.5522099189454387E-159
2.2761049594727193E-159
1.1380524797363597E-159
5.6902623986817984E-160
2.8451311993408992E-160
1.4225655996704496E-160
7.112827998352248E-161
3.556413999176124E-161
1.778206999588062E-161
8.89103499794031E-162
4.445517498970155E-162
2.2227587494850775E-162
1.1113793747425387E-162
5.556896873712694E-163
2.778448436856347E-163
1.3892242184281734E-163
6.946121092140867E-164
3.4730605460704336E-164
1.7365302730352168E-164
8.682651365176084E-165
4.341325682588042E-165
2.170662841294021E-165
1.0853314206470105E-165
5.4266571032350524E-166
2.7133285516175262E-166
1.3566642758087631E-166
6.7833213790438156E-167
3.3916606895219078E-167
1.6958303447609539E-167
8.479151723804769E-168
4.2395758619023847E-168
2.1197879309511924E-168
1.0598939654755962E-168
5.299469827377981E-169
2.6497349136889905E-169
1.3248674568444952E-169
6.624337284222476E-170
3.312168642111238E-170
1.656084321055619E-170
8.280421605278095E-171
4.1402108026390476E-171
2.0701054013195238E-171
1.0350527006597619E-171
5.1752635032988095E-172
2.5876317516494047E-172
1.2938158758247024E-172
6.469079379123512E-173
3.234539689561756E-173
1.617269844780878E-173
8.08634922390439E-174
4.043174611952195E-174
2.0215873059760975E-174
1.0107936529880487E-174
5.0539682649402436E-175
2.5269841324701218E-175
1.2634920662350609E-175
6.3174603311753045E-176
3.1587301655876523E-176
1.5793650827938261E-176
7.896825413969131E-177
3.9484127069845653E-177
1.9742063534922827E-177
9.871031767461413E-178
4.9355158837307067E-178
2.4677579418653533E-178
1.2338789709326767E-178
6.169394854663383E-179
3.0846974273316917E-179
1.5423487136658458E-179
7.711743568329229E-180
3.8558717841646146E-180
1.9279358920823073E-180
9.639679460411536E-181
4.819839730205768E-181
2.409919865102884E-181
1.204959932551442E-181
6.02479966275721E-182
3.012399831378605E-182
1.5061999156893026E-182
7.530999578446513E-183
3.7654997892232564E-183
1.8827498946116282E-183
9.413749473058141E-184
4.7068747365290705E-184
2.3534373682645353E-184
1.1767186841322676E-184
5.883593420661338E-185
2.941796710330669E-185
1.4708983551653345E-185
7.354491775826673E-186
3.6772458879133364E-186
1.8386229439566682E-186
9.193114719783341E-187
4.5965573598916705E-187
2.2982786799458352E-187
1.1491393399729176E-187
5.745696699864588E-188
2.872848349932294E-188
1.436424174966147E-188
7.182120874830735E-189
3.5910604374153675E-189
1.7955302187076838E-189
8.977651093538419E-190
4.4888255467692094E-190
2.2444127733846047E-190
1.1222063866923024E-190
5.611031933461512E-191
2.805515966730756E-191
1.402757983365378E-191
7.01378991682689E-192
3.506894958413445E-192
1.7534474792067224E-192
8.767237396033612E-193
4.383618698016806E-193
2.191809349008403E-193
1.0959046745042015E-193
5.4795233725210076E-194
2.7397616862605038E-194
1.3698808431302519E-194
6.8494042156512595E-195
3.4247021078256297E-195
1.7123510539128149E-195
8.561755269564074E-196
4.280877634782037E-196
2.1404388173910186E-196
1.0702194086955093E-196
5.3510970434775465E-197
2.6755485217387732E-197
1.3377742608693866E-197
6.688871304346933E-198
3.3444356521734666E-198
1.6722178260867333E-198
8.361089130433666E-199
4.180544565216833E-199
2.0902722826084166E-199
1.0451361413042083E-199
5.2256807065210415E-200
2.6128403532605207E-200
1.3064201766302604E-200
6.532100883151302E-201
3.266050441575651E-201
1.6330252207878255E-201
8.165126103939127E-202
4.0825630519695637E-202
2.0412815259847818E-202
1.0206407629923909E-202
5.1032038149619546E-203
2.5516019074809773E-203
1.2758009537404886E-203
6.379004768702443E-204
3.1895023843512216E-204
1.5947511921756108E-204
7.973755960878054E-205
3.986877980439027E-205
1.9934389902195135E-205
9.967194951097568E-206
4.983597475548784E-206
2.491798737774392E-206
1.245899368887196E-206
6.22949684443598E-207
3.11474842221799E-207
1.557374211108995E-207
7.786871055544975E-208
3.8934355277724873E-208
1.9467177638862437E-208
9.733588819431218E-209
4.866794409715609E-209
2.4333972048578046E-209
1.2166986024289023E-209
6.0834930121445114E-210
3.0417465060722557E-210
1.5208732530361279E-210
7.604366265180639E-211
3.8021831325903196E-211
1.9010915662951598E-211
9.505457831475799E-212
4.7527289157378996E-212
2.3763644578689498E-212
1.1881822289344749E-212
5.9409111446723744E-213
2.9704555723361872E-213
1.4852277861680936E-213
7.426138930840468E-214
3.713069465420234E-214
1.856534732710117E-214
9.282673663550585E-215
4.6413368317752925E-215
2.3206684158876463E-215
1.1603342079438231E-215
5.8016710397191157E-216
2.9008355198595578E-216
1.4504177599297789E-216
7.2520887996488946E-217
3.6260443998244473E-217
1.8130221999122236E-217
9.065110999561118E-218
4.532555499780559E-218
2.2662777498902796E-218
1.1331388749451398E-218
5.665694374725699E-219
2.8328471873628494E-219
1.4164235936814247E-219
7.082117968407124E-220
3.541058984203562E-220
1.770529492101781E-220
8.852647460508905E-221
4.4263237302544523E-221
2.2131618651272261E-221
1.1065809325636131E-221
5.5329046628180653E-222
2.7664523314090327E-222
1.3832261657045163E-222
6.916130828522582E-223
3.458065414261291E-223
1.7290327071306454E-223
8.645163535653227E-224
4.3225817678266135E-224
2.1612908839133068E-224
1.0806454419566534E-224
5.403227209783267E-225
2.7016136048916335E-225
1.3508068024458167E-225
6.754034012229084E-226
3.377017006114542E-226
1.688508503057271E-226
8.442542515286355E-227
4.2212712576431773E-227
2.1106356288215886E-227
1.0553178144107943E-227
5.2765890720539716E-228
2.6382945360269858E-228
1.3191472680134929E-228
6.5957363400674645E-229
3.2978681700337323E-229
1.6489340850168661E-229
8.244670425084331E-230
4.1223352125421653E-230
2.0611676062710827E-230
1.0305838031355413E-230
5.1529190156777066E-231
2.5764595078388533E-231
1.2882297539194267E-231
6.441148769597133E-232
3.2205743847985667E-232
1.6102871923992833E-232
8.051435961996417E-233
4.0257179809982083E-233
2.0128589904991042E-233
1.0064294952495521E-233
5.0321474762477604E-234
2.5160737381238802E-234
1.2580368690619401E-234
6.2901843453097005E-235
3.1450921726548502E-235
1.5725460863274251E-235
7.862730431637126E-236
3.931365215818563E-236
1.9656826079092814E-236
9.828413039546407E-237
4.9142065197732035E-237
2.4571032598866018E-237
1.2285516299433009E-237
6.1427581497165044E-238
3.0713790748582522E-238
1.5356895374291261E-238
7.6784476871456305E-239
3.8392238435728152E-239
1.9196119217864076E-239
9.598059608932038E-240
4.799029804466019E-240
2.3995149022330095E-240
1.1997574511165048E-240
5.998787255582524E-241
2.999393627791262E-241
1.499696813895631E-241
7.498484069478155E-242
3.7492420347390774E-242
1.8746210173695387E-242
9.373105086847693E-243
4.6865525434238467E-243
2.3432762717119234E-243
1.1716381358559617E-243
5.8581906792798084E-244
2.9290953396399042E-244
1.4645476698199521E-244
7.3227383490997605E-245
3.6613691745498803E-245
1.8306845872749401E-245
9.153422936374701E-246
4.5767114681873503E-246
2.2883557340936752E-246
1.1441778670468376E-246
5.720889335234188E-247
2.860444667617094E-247
1.430222333808547E-247
7.151111669042735E-248
3.5755558345213674E-248
1.7877779172606837E-248
8.938889586303419E-249
4.4694447931517093E-249
2.2347223965758547E-249
1.1173611982879273E-249
5.5868059914396366E-250
2.7934029957198183E-250
1.3967014978599092E-250
6.983507489299546E-251
3.491753744649773E-251
1.7458768723248864E-251
8.729384361624432E-252
4.364692180812216E-252
2.182346090406108E-252
1.091173045203054E-252
5.45586522601527E-253
2.727932613007635E-253
1.3639663065038175E-253
6.819831532519088E-254
3.409915766259544E-254
1.704957883129772E-254
8.52478941564886E-255
4.26239470782443E-255
2.131197353912215E-255
1.0655986769561075E-255
5.327993384780537E-256
2.6639966923902686E-256
1.3319983461951343E-256
6.6599917309756716E-257
3.3299958654878358E-257
1.6649979327439179E-257
8.324989663719589E-258
4.1624948318597947E-258
2.0812474159298974E-258
1.0406237079649487E-258
5.2031185398247434E-259
2.6015592699123717E-259
1.3007796349561859E-259
6.503898174780929E-260
3.2519490873904646E-260
1.6259745436952323E-260
8.129872718476162E-261
4.064936359238081E-261
2.0324681796190404E-261
1.0162340898095202E-261
5.081170449047601E-262
2.5405852245238005E-262
1.2702926122619002E-262
6.351463061309501E-263
3.1757315306547506E-263
1.5878657653273753E-263
7.9393288266368765E-264
3.9696644133184383E-264
1.9848322066592191E-264
9.924161033296096E-265
4.962080516648048E-265
2.481040258324024E-265
1.240520129162012E-265
6.20260064581006E-266
3.10130032290503E-266
1.550650161452515E-266
7.753250807262575E-267
3.8766254036312874E-267
1.9383127018156437E-267
9.691563509078218E-268
4.845781754539109E-268
2.4228908772695546E-268
1.2114454386347773E-268
6.0572271931738865E-269
3.0286135965869433E-269
1.5143067982934716E-269
7.571533991467358E-270
3.785766995733679E-270
1.8928834978668395E-270
9.464417489334198E-271
4.732208744667099E-271
2.3661043723335494E-271
1.1830521861667747E-271
5.9152609308338736E-272
2.9576304654169368E-272
1.4788152327084684E-272
7.394076163542342E-273
3.697038081771171E-273
1.8485190408855855E-273
9.242595204427927E-274
4.6212976022139637E-274
2.3106488011069819E-274
1.1553244005534909E-274
5.7766220027674546E-275
2.8883110013837273E-275
1.4441555006918637E-275
7.220777503459318E-276
3.610388751729659E-276
1.8051943758648296E-276
9.025971879324148E-277
4.512985939662074E-277
2.256492969831037E-277
1.1282464849155185E-277
5.6412324245775924E-278
2.8206162122887962E-278
1.4103081061443981E-278
7.0515405307219905E-279
3.5257702653609953E-279
1.7628851326804976E-279
8.814425663402488E-280
4.407212831701244E-280
2.203606415850622E-280
1.101803207925311E-280
5.509016039626555E-281
2.7545080198132776E-281
1.3772540099066388E-281
6.886270049533194E-282
3.443135024766597E-282
1.7215675123832985E-282
8.607837561916492E-283
4.303918780958246E-283
2.151959390479123E-283
1.0759796952395615E-283
5.379898476197808E-284
2.689949238098904E-284
1.344974619049452E-284
6.72487309524726E-285
3.36243654762363E-285
1.681218273811815E-285
8.406091369059075E-286
4.2030456845295373E-286
2.1015228422647686E-286
1.0507614211323843E-286
5.2538071056619216E-287
2.6269035528309608E-287
1.3134517764154804E-287
6.567258882077402E-288
3.283629441038701E-288
1.6418147205193505E-288
8.2090736025967525E-289
4.1045368012983762E-289
2.0522684006491881E-289
1.0261342003245941E-289
5.1306710016229703E-290
2.5653355008114852E-290
1.2826677504057426E-290
6.413338752028713E-291
3.2066693760143564E-291
1.6033346880071782E-291
8.016673440035891E-292
4.0083367200179456E-292
2.0041683600089728E-292
1.0020841800044864E-292
5.010420900022432E-293
2.505210450011216E-293
1.252605225005608E-293
6.26302612502804E-294
3.13151306251402E-294
1.56575653125701E-294
7.82878265628505E-295
3.914391328142525E-295
1.9571956640712625E-295
9.785978320356312E-296
4.892989160178156E-296
2.446494580089078E-296
1.223247290044539E-296
6.116236450222695E-297
3.0581182251113476E-297
1.5290591125556738E-297
7.645295562778369E-298
3.8226477813891845E-298
1.9113238906945923E-298
9.556619453472961E-299
4.7783097267364807E-299
2.3891548633682403E-299
1.1945774316841202E-299
5.972887158420601E-300
2.9864435792103004E-300
1.4932217896051502E-300
7.466108948025751E-301
3.7330544740128755E-301
1.8665272370064378E-301
9.332636185032189E-302
4.6663180925160944E-302
2.3331590462580472E-302
1.1665795231290236E-302
5.832897615645118E-303
2.916448807822559E-303
1.4582244039112795E-303
7.2911220195563975E-304
3.6455610097781987E-304
1.8227805048890994E-304
9.113902524445497E-305
4.5569512622227484E-305
2.2784756311113742E-305
1.1392378155556871E-305
5.6961890777784355E-306
2.8480945388892178E-306
1.4240472694446089E-306
7.1202363472230444E-307
3.5601181736115222E-307
1.7800590868057611E-307
8.900295434028806E-308
4.450147717014403E-308
2.2250738585072014E-308
1.1125369292536007E-308
